       1.5998131
       1.6016819
       1.6035506
       1.6054194
       1.6072881
       1.6091569
       1.6110256
       1.6128944
       1.6147631
       1.6166319
       1.6185006
       1.6203694
       1.6222381
       1.6241069
       1.6259756
       1.6278444
       1.6297131
       1.6315819
       1.6334506
       1.6353194
       1.6371881
       1.6390569
       1.6409256
       1.6427944
       1.6446631
       1.6465319
       1.6484006
       1.6502694
       1.6521382
       1.6540069
       1.6558757
       1.6577444
       1.6596132
       1.6614819
       1.6633507
       1.6652194
       1.6670882
       1.6689569
       1.6708257
       1.6726944
       1.6745632
       1.6764319
       1.6783007
       1.6801694
       1.6820382
       1.6839069
       1.6857757
       1.6876444
       1.6895132
       1.6913819
       1.6932507
       1.6951194
       1.6969882
       1.6988569
       1.7007257
       1.7025944
       1.7044632
       1.7063319
       1.7082007
       1.7100694
       1.7119382
       1.7138069
       1.7156757
       1.7175444
       1.7194132
       1.7212819
       1.7231507
       1.7250194
       1.7268882
       1.7287569
       1.7306257
       1.7324944
       1.7343632
       1.7362319
       1.7381007
       1.7399694
       1.7418382
       1.7437069
       1.7455757
       1.7474444
       1.7493132
       1.7511819
       1.7530507
       1.7549194
       1.7567882
       1.7586569
       1.7605257
       1.7623944
       1.7642632
       1.7661320
       1.7680007
       1.7698695
