      0.97565035
      0.97751910
      0.97938785
      0.98125660
      0.98312535
      0.98499410
      0.98686286
      0.98873161
      0.99060036
      0.99246911
      0.99433786
      0.99620661
      0.99807536
      0.99994411
       1.0018129
       1.0036816
       1.0055504
       1.0074191
       1.0092879
       1.0111566
       1.0130254
       1.0148941
       1.0167629
       1.0186316
       1.0205004
       1.0223691
       1.0242379
       1.0261066
       1.0279754
       1.0298441
       1.0317129
       1.0335816
       1.0354504
       1.0373191
       1.0391879
       1.0410566
       1.0429254
       1.0447941
       1.0466629
       1.0485316
       1.0504004
       1.0522691
       1.0541379
       1.0560066
       1.0578754
       1.0597441
       1.0616129
       1.0634816
       1.0653504
       1.0672191
       1.0690879
       1.0709566
       1.0728254
       1.0746941
       1.0765629
       1.0784316
       1.0803004
       1.0821691
       1.0840379
       1.0859066
       1.0877754
       1.0896442
       1.0915129
       1.0933817
       1.0952504
       1.0971192
       1.0989879
       1.1008567
       1.1027254
       1.1045942
       1.1064629
       1.1083317
       1.1102004
       1.1120692
       1.1139379
       1.1158067
       1.1176754
       1.1195442
       1.1214129
       1.1232817
       1.1251504
       1.1270192
       1.1288879
       1.1307567
       1.1326254
       1.1344942
       1.1363629
       1.1382317
       1.1401004
       1.1419692
       1.1438379
       1.1457067
       1.1475754
       1.1494442
       1.1513129
       1.1531817
       1.1550504
       1.1569192
       1.1587879
       1.1606567
       1.1625254
       1.1643942
       1.1662629
       1.1681317
       1.1700004
       1.1718692
       1.1737379
       1.1756067
       1.1774754
       1.1793442
       1.1812129
       1.1830817
       1.1849504
       1.1868192
       1.1886879
       1.1905567
       1.1924254
       1.1942942
       1.1961629
       1.1980317
       1.1999005
       1.2017692
       1.2036380
       1.2055067
       1.2073755
       1.2092442
       1.2111130
       1.2129817
       1.2148505
       1.2167192
       1.2185880
       1.2204567
       1.2223255
       1.2241942
       1.2260630
       1.2279317
       1.2298005
       1.2316692
       1.2335380
       1.2354067
       1.2372755
       1.2391442
       1.2410130
       1.2428817
       1.2447505
       1.2466192
       1.2484880
       1.2503567
       1.2522255
       1.2540942
       1.2559630
       1.2578317
       1.2597005
       1.2615692
       1.2634380
       1.2653067
       1.2671755
       1.2690442
       1.2709130
       1.2727817
       1.2746505
       1.2765192
       1.2783880
       1.2802567
       1.2821255
       1.2839942
       1.2858630
       1.2877317
       1.2896005
       1.2914692
       1.2933380
       1.2952067
       1.2970755
       1.2989442
       1.3008130
       1.3026817
       1.3045505
       1.3064192
       1.3082880
       1.3101567
       1.3120255
       1.3138943
       1.3157630
       1.3176318
       1.3195005
       1.3213693
       1.3232380
       1.3251068
       1.3269755
       1.3288443
       1.3307130
       1.3325818
       1.3344505
       1.3363193
       1.3381880
       1.3400568
       1.3419255
       1.3437943
       1.3456630
       1.3475318
       1.3494005
       1.3512693
       1.3531380
       1.3550068
       1.3568755
       1.3587443
       1.3606130
       1.3624818
       1.3643505
       1.3662193
       1.3680880
       1.3699568
       1.3718255
       1.3736943
       1.3755630
       1.3774318
       1.3793005
       1.3811693
       1.3830380
       1.3849068
       1.3867755
       1.3886443
       1.3905130
       1.3923818
       1.3942505
       1.3961193
       1.3979880
       1.3998568
       1.4017255
       1.4035943
       1.4054630
       1.4073318
       1.4092005
       1.4110693
       1.4129380
       1.4148068
